1619586600016 7.324219 382.141113 925.781250 0.129704 -0.148778 0.186926
1619586600026 5.950928 380.493164 921.203613 0.240333 -0.064852 0.293741
1619586600041 2.197266 380.950928 925.323486 0.186926 -0.110630 0.263222
1619586600051 5.859375 376.647949 925.048828 0.240333 -0.289926 0.186926
1619586600061 5.310059 375.366211 922.943115 0.125889 -0.198370 0.236518
1619586600072 4.669189 380.767822 922.576904 0.072481 -0.057222 0.331889
1619586600087 8.514404 381.134033 928.710938 0.171667 -0.080111 0.206000
1619586600096 7.324219 381.774902 927.062988 0.209815 -0.072481 0.175481
1619586600106 9.063721 379.852295 924.865723 0.164037 -0.190741 0.343333
1619586600121 3.387451 378.753662 923.767090 0.034333 -0.122074 0.137333
1619586600132 8.056641 381.683350 926.422119 0.194555 0.061037 0.080111
1619586600141 14.648438 378.021240 928.619385 0.156407 -0.114444 0.175481
1619586600152 3.204346 380.310059 923.858643 0.141148 -0.045778 0.320444
1619586600179 6.134033 383.697510 926.513672 0.049593 0.083926 0.247963
1619586600189 12.359619 378.753662 925.781250 0.118259 0.003815 0.026704
1619586600206 13.000488 375.183105 924.865723 0.118259 0.000000 0.251778
1619586600216 10.894775 377.655029 922.760010 0.087741 0.030519 0.091556
1619586600226 7.781982 382.324219 926.330566 0.129704 -0.179296 0.072481
1619586600241 3.753662 377.380371 925.140381 0.186926 -0.095370 0.259407
1619586600251 9.429932 377.746582 930.908203 0.114444 0.026704 0.225074
1619586600261 6.683350 376.007080 923.675537 0.202185 -0.194555 0.095370
1619586600272 7.415771 383.331299 922.119141 0.236518 0.053407 0.194555
1619586600286 8.422852 377.380371 923.583984 0.217444 0.057222 0.347148
1619586600296 7.598877 374.542236 931.365967 0.198370 -0.194555 0.164037
1619586600306 9.246826 378.479004 928.619385 0.244148 -0.190741 0.099185
1619586600321 2.929688 377.471924 928.344727 0.038148 -0.091556 0.213630
1619586600332 3.204346 382.141113 923.126221 0.129704 0.156407 0.221259
1619586600344 4.302979 376.464844 923.309326 0.358592 -0.072481 0.072481
